
Total Run Time: 10.718
Matrix Dimensions: 2400
Number of Processors: 9

Total Run Time: 2.57852
Matrix Dimensions: 2400
Number of Processors: 25

Total Run Time: 67.8408
Matrix Dimensions: 5000
Number of Processors: 25

Total Run Time: 67.9475
Matrix Dimensions: 5000
Number of Processors: 25

Total Run Time: 10.4307
Matrix Dimensions: 2400
Number of Processors: 9

Matrix A
1 2 3 4 5 6 
7 8 9 10 11 12 
13 14 15 16 17 18 
19 20 21 22 23 24 
25 26 27 28 29 30 
31 32 33 34 35 36 

Matrix B
145 146 147 148 149 150 
151 152 153 154 155 156 
157 158 159 160 161 162 
163 164 165 166 167 168 
169 170 171 172 173 174 
175 176 177 178 179 180 

Solution Matrix:
3465 3486 3507 3528 3549 3570 
9225 9282 9339 9396 9453 9510 
14985 15078 15171 15264 15357 15450 
20745 20874 21003 21132 21261 21390 
26505 26670 26835 27000 27165 27330 
32265 32466 32667 32868 33069 33270 

Total Run Time: 0.00252914
Matrix Dimensions: 6
Number of Processors: 9
Matrix A
84 78 94 87 50 63 
91 64 41 73 12 68 
83 63 68 30 23 70 
94 12 30 22 85 99 
16 14 92 57 63 97 
6 85 37 47 14 25 

Matrix B
87 16 36 93 22 28 
60 27 27 37 69 30 
31 24 36 3 59 68 
57 43 74 20 38 25 
71 27 81 74 71 82 
26 28 6 30 58 96 

Solution Matrix:
25049 12561 19380 18310 23286 23407 
19809 9535 13262 15342 16407 16593 
18272 8532 11640 14656 17018 18194 
19691 8561 13895 18976 17279 22056 
15328 9710 14169 10994 19011 23027 
11092 6378 8605 6540 12410 9957 

Total Run Time: 0.00461769
Matrix Dimensions: 6
Number of Processors: 9
